用户名,姓名,内容,时间
libohao,李博豪,🎉 10周年网站今天上线啦！欢迎大家来访问~,2026-01-15
pengyiqing,彭一清,📸 上传了照片！鸣谢当年使用了我的U盘的朋友们~,2026-01-17
